0.621
0.542
0.213
0.249
0.227
0.721
0.614
0.893
0.024
0.288
0.242
0.806
0.088
0.057
0.844
0.965
0.631
0.663
0.443
0.128
0.226
0.116
0.605
0.763
0.049
0.318
0.288
0.342
0.843
0.691
0.163
0.818
0.127
0.732
0.932
0.666
0.017
0.267
0.083
0.15
0.521
0.425
0.666
0.675
0.746
0.739
0.971
0.574
0.388
0.795
0.181
0.483
0.637
0.341
0.885
0.254
0.856
0.963
0.985
0.107
0.39
0.923
0.433
0.464
0.235
0.212
0.484
0.798
0.483
0.448
0.362
0.055
0.727
0.169
0.407
0.96
0.741
0.541
0.197
0.213
0.029
0.799
0.439
0.893
0.936
0.207
0.885
0.296
0.983
0.541
0.365
0.307
0.249
0.507
0.122
0.797
0.134
0.974
0.869
0.312
0.931
0.053
0.853
0.114
0.61
0.336
0.26
0.286
0.027
0.937
0.138
0.711
0.632
0.061
0.574
0.766
0.008
0.167
0.342
0.276
0.279
0.22
0.723
0.682
0.239
0.929
0.551
0.5
0.879
0.322
0.18
0.039
0.891
0.236
0.507
0.315
0.957
0.897
0.452
0.628
0.067
0.397
0.003
0.699
0.644
0.35
0.439
0.53
0.809
0.666
0.277
0.515
0.804
0.51
0.535
0.995
0.225
0.121
0.286
0.308
0.087
0.016
0.3
0.803
0.397
0.453
0.45
0.283
0.139
0.313
0.377
0.549
0.924
0.086
0.054
0.475
0.08
0.179
0.942
0.748
0.172
0.686
0.298
0.121
0.644
0.11
0.723
0.214
0.881
0.252
0.799
0.411
0.951
0.956
0.99
0.798
0.453
0.867
0.85
0.928
0.376
0.771
0.871
0.537
0.581
0.095
0.44
0.455
0.738
0.757
0.223
0.421
0.347
0.115
0.969
0.188
0.843
0.994
0.325
0.927
0.403
0.678
0.664
0.793
0.031
0.447
0.899
0.44
0.009
0.354
0.93
0.294
0.569
0.862
0.71
0.801
0.297
0.034
0.333
0.099
0.949
0.797
0.772
0.305
0.781
0.622
0.129
0.76
0.651
0.164
0.358
0.62
0.742
0.475
0.012
0.681
0.211
0.314
0.542
0.619
0.189
0.31
0.104
0.358
0.623
0.023
0.455
0.352
0.297
0.982
0.166
0.815
0.323
0.115
0.757
0.61
0.056
0.783
0.308
0.017
0.758
0.384
0.016
0.567
0.98
0.524
0.061
0.84
0.754
0.086
0.981
0.204
0.963
0.053
0.098
0.793
0.88
0.474
0.847
0.177
0.047
0.747
0.663
0.506
0.626
0.35
0.033
0.184
0.817
0.504
0.959
0.492
0.917
0.916
0.316
0.119
0.966
0.462
0.792
0.841
0.44
0.757
0.301
0.513
0.715
0.202
0.644
0.464
0.739
0.625
0.474
0.706
0.586
0.106
0.013
0.441
0.974
0.497
0.445
0.208
0.301
0.912
0.366
0.067
0.479
0.617
0.409
0.061
0.227
0.593
0.65
0.779
0.46
0.833
0.8
0.177
0.828
0.883
0.789
0.132
0.652
0.647
0.158
0.736
0.501
0.732
0.996
0.193
0.661
0.743
0.978
0.118
0.569
0.914
0.912
0.682
0.504
0.883
0.084
0.151
0.149
0.114
0.166
0.61
0.928
0.469
0.556
0.185
0.703
0.436
0.556
0.788
0.625
0.937
0.336
0.556
0.423
0.265
0.513
0.495
0.261
0.232
0.605
0.284
0.458
0.561
0.971
0.401
0.725
0.902
0.668
0.749
0.083
0.632
0.657
0.184
0.917
0.932
0.894
0.155
0.261
0.17
0.879
0.606
0.306
0.508
0.844
0.933
0.774
0.243
0.71
0.429
0.999
0.504
0.945
0.828
0.951
0.278
0.105
0.579
0.545
0.183
0.298
0.079
0.423
0.579
0.016
0.226
0.48
0.985
0.75
0.709
0.44
0.702
0.901
0.446
0.483
0.941
0.03
0.758
0.886
0.816
0.715
0.79
0.086
0.179
0.569
0.753
0.665
0.23
0.432
0.071
0.321
0.794
0.304
0.627
0.991
0.79
0.206
0.37
0.567
0.81
0.394
0.467
0.994
0.427
0.351
0.577
0.06
0.678
0.056
0.716
0.202
0.017
0.265
0.635
0.132
0.918
0.821
0.059
0.478
0.507
0.475
0.44
0.939
0.888
0.306
0.667
0.311
0.456
0.077
0.916
0.079
0.616
0.547
0.445
0.402
0.112
0.263
0.326
0.845
0.378
0.218
0.352
0.691
0.982
0.554
0.413
0.799
0.695
0.809
0.165
0.525
0.449
0.807
0.514
0.547
0.02
0.985
0.314
0.434
0.311
0.96
0.732
0.555
0.057
0.996
0.927
0.569
0.266
0.184
0.148
0.307
0.973
0.431
0.678
0.9
0.604
0.408
0.639
0.694
0.774
0.486
0.631
0.64
0.854
0.463
0.672
0.958
0.963
0.337
0.675
0.922
0.82
0.495
0.786
0.247
0.473
0.415
0.173
0.53
0.547
0.84
0.712
0.593
0.001
0.882
0.041
0.389
0.586
0.69
0.018
0.735
0.801
0.411
0.669
0.724
0.646
0.643
0.451
0.494
0.577
0.872
0.251
0.018
0.413
0.877
0.886
0.231
0.28
0.733
0.122
0.425
0.451
0.398
0.842
0.402
0.613
0.391
0.792
0.33
0.707
0.425
0.864
0.419
0.338
0.731
0.561
0.473
0.574
0.052
0.74
0.425
0.373
0.693
0.941
0.802
0.173
0.194
0.417
0.557
0.621
0.782
0.017
0.492
0.967
0.219
0.779
0.394
0.825
0.959
0.283
0.733
0.138
0.003
0.175
0.218
0.976
0.08
0.962
0.025
0.445
0.434
0.923
0.415
0.411
0.571
0.913
0.765
0.567
0.87
0.695
0.564
0.82
0.802
0.509
0.928
0.469
0.982
0.408
0.369
0.05
0.222
0.934
0.725
0.061
0.053
0.773
0.534
0.527
0.914
0.032
0.738
0.208
0.922
0.247
0.77
0.54
0.732
0.618
0.708
0.964
0.562
0.609
0.089
0.344
0.199
0.293
0.703
0.939
0.666
0.347
0.068
0.533
0.494
0.248
0.066
0.571
0.846
0.414
0.333
0.301
0.383
0.796
0.424
0.898
0.856
0.857
0.402
0.247
0.103
0.475
0.673
0.327
0.05
0.566
0.104
0.376
0.884
0.157
0.479
0.72
0.336
0.303
0.368
0.566
0.69
0.513
0.537
0.176
0.089
0.563
0.17
0.496
0.546
0.3
0.003
0.206
0.408
0.402
0.882
0.599
0.254
0.027
0.468
0.184
0.957
0.091
0.729
0.436
0.707
0.178
0.065
0.499
0.335
0.56
0.5
0.548
0.028
0.451
0.466
0.598
0.763
0.375
0.539
0.595
0.76
0.051
0.628
0.017
0.609
0.399
0.891
0.98
0.19
0.913
0.296
0.365
0.423
0.768
